3 0 1 2
2 2 1 1
1 3 1 1
0 4 1 3
7 = 4 + 3 ugly?
0 4 0 3
1 = 4 - 3 ugly?
0 3 1 13
16 = 3 + 13 ugly?
1 => ret 2
1 3 0 1
0 2 1 3
5 = 2 + 3 ugly?
0 2 0 3
-1 = 2 - 3 ugly?
0 3 0 13
-10 = 3 - 13 ugly?
1 => ret 2
1 2 1 11
0 13 1 3
16 = 13 + 3 ugly?
0 13 0 3
10 = 13 - 3 ugly?
0 2 1 113
115 = 2 + 113 ugly?
1 => ret 3
2 => ret 7
2 2 0 1
1 1 1 1
0 2 1 3
5 = 2 + 3 ugly?
0 2 0 3
-1 = 2 - 3 ugly?
0 1 1 13
14 = 1 + 13 ugly?
1 => ret 2
1 1 0 1
0 0 1 3
3 = 0 + 3 ugly?
0 0 0 3
-3 = 0 - 3 ugly?
0 1 0 13
-12 = 1 - 13 ugly?
1 => ret 3
1 2 0 11
0 -9 1 3
-6 = -9 + 3 ugly?
0 -9 0 3
-12 = -9 - 3 ugly?
0 2 0 113
-111 = 2 - 113 ugly?
1 => ret 3
2 => ret 8
2 0 1 21
1 21 1 1
0 22 1 3
25 = 22 + 3 ugly?
0 22 0 3
19 = 22 - 3 ugly?
0 21 1 13
34 = 21 + 13 ugly?
1 => ret 2
1 21 0 1
0 20 1 3
23 = 20 + 3 ugly?
0 20 0 3
17 = 20 - 3 ugly?
0 21 0 13
8 = 21 - 13 ugly?
1 => ret 1
1 0 1 211
0 211 1 3
214 = 211 + 3 ugly?
0 211 0 3
208 = 211 - 3 ugly?
0 0 1 2113
2113 = 0 + 2113 ugly?
1 => ret 2
2 => ret 5
3 => ret 20
Case #1: 20
